source_id | accepted_id | gnorm (source_id)
...
36 35 0.00002128
37 36 0.00000009
38 37 0.00000006
39 38 0.00000002
40 39 0.00000003
41 40 0.00000001
42 41 0.00000001
43 42 0.00000008
44 43 0.00000002
45 44 0.00003178
46 45 0.00000002
47 46 0.00000002
48 47 0.00000004
49 48 0.00000000
50 49 0.00000002
51 50 0.00000003
52 51 0.00000001
53 52 0.00001317
54 53 0.00000007
55 54 0.00000001
56 55 0.00001974
57 56 0.00000266
58 57 0.00000003
59 58 0.00000000
60 59 0.00000002
61 60 0.00000000
62 61 0.00000001
63 62 0.00000001
...
729 697 0.00000186
730 698 1.63394509    # -> high gnorm not accepted
731 698 0.00000000    # -> see 'accpeted_id' is not incremented
732 699 0.00000010
733 700 0.00000000
734 701 0.00000000
735 702 0.00002127
736 703 0.00000010
737 704 0.00000001
738 705 0.00000007
739 706 0.00000002
740 707 0.00000004
741 708 0.00000007
742 709               # -> failed case
743 709 0.00000000
744 710 0.00003004
745 711 0.00000001
746 712 0.00000004
747 713 0.00000033
...
